| No of Nodes   | No of Processes | Time Taken |
|---------------|-----------------|------------|
| 1 			| 4  			  | 0.194580   |
| 2             | 5 			  | 0.157717   |
| 2 			| 6 			  | 0.142620   |
| 2 			| 7 			  | 0.122982   |
| 2 			| 8  			  | 0.099430   |
| 3 			| 9 			  | 0.110863   | 
| 3 			| 10              | 0.092416   |
| 3 			| 11              | 0.095918   |
| 3 			| 12 			  | 0.095773   |
| 4 			| 13              | 0.072439   |
| 4 			| 14              | 0.070101   |
| 4 			| 15              | 0.070101   |
| 4 			| 16			  | 0.065865   |
| 5 			| 17              | 0.058810   |
| 5 			| 18              | 0.054271   |
| 5 			| 19              | 0.053200   |
| 5 			| 20			  | 0.051661   |
| 6 			| 21 		      | 0.049681   |
| 6 			| 22 			  | 0.048482   |
| 6 			| 23 			  | 0.041641   |
| 6 			| 24              | 0.043504   |

